<html lang="en">
  <head>
    <meta charset="utf-8">
    <title> Altizure 5.6 Camera Visualize </title>
    <meta name="viewport" content="width=device-width, initial-scale=1.0, user-scalable=no">
  </head>
  <body style="margin: 0px; padding: 0px;">
    <div id="page-content"></div>
    <script type="text/javascript" src="../../node_modules/three/examples/js/libs/stats.min.js"></script>
    <script type="text/javascript" src="../../build/three.js"></script>
    <script type="text/javascript" src="../../build/altizure-core.js"></script>
    <script>
      let options = {
        altizureApi: {
          key: '7MkQf8UggsPaadvrlKALspJWZejZAJOLHn3cnIy'
        },
        camera: {
          center: { alt:100000,
            lat:22.538388886344876,
            lng:113.94255600866971 },
          flyToCenter: { alt:1020.0739295752213,
            lat:22.538388886344876,
            lng:113.94255600866971,
            north:-27.271585092584015,
            tilt:74.7023627906978 }
        },
        renderItems: {
          earth: true,
          earthUseTexture: false,
          featureInView: false,
          orbitRing: true
        }
      }

      let sandbox = new altizure.Sandbox('page-content', options)

      let marker = null
      sandbox.add('AltizureProjectMarker', {pid: '5849104597b73e0b090c01e8'})
      .then(function(m) {
        marker = m
        return m.initialized
      })
      .then(function(m) {
        cameraMarkers.map(function(marker) {
          marker.fov = sandbox.earthView.camera.fov
          marker.aspect = sandbox.earthView.camera.aspect
          marker.near = marker.near * 2 / 3
        })
      })

      // this can be obtained by using: sandbox.camera.mat
      // [upgrade_v3] the inner coordinate of earth has changed, previous matrix value is not consistent with current value, change to new one. sandbox.camera.mat consistent with current camToEarth
      let ms = [
        [0.628723243474532,-0.054262042549174674,0.775733661673423,0,-0.11417178467324274,0.980310837483211,0.16110700015049975,0,-0.769202110436127,-0.18985861226543826,0.6101490151178238,0,-2392042.635688847,5386848.248563974,2429763.088233713,1],
        [0.9214065837287287,0.38839327016248326,-0.012671825197948228,0,-0.14759380750499557,0.31960716414479995,-0.9359846839630972,0,-0.35948014611037016,0.8642927330018526,0.35181258680248373,0,-2391737.0892476533,5387390.117997476,2429553.1376279686,1],
        [-0.3093414044881416,-0.4660724352341879,0.8289055317611155,0,0.10451320415510218,0.8497164609839589,0.5167774434803928,0,-0.9451903964950858,0.2464922332402591,-0.21414175988277478,0,-2391784.0898081493,5387023.496948621,2429330.5002168524,1],
        [-0.4388435268262442,-0.48930247035877916,0.7536573833404006,0,0.06393201119397329,0.8196078834667706,0.5693466565316903,0,-0.8962862583501976,0.2980369270072365,-0.32839752318293475,0,-2391659.1071387157,5387016.878642891,2429343.8480428406,1],
        [0.7815408622842068,0.48484854332164995,-0.39257581512229267,0,-0.5464093614816607,0.8356632040076453,-0.05571193007678621,0,0.30104931533764073,0.2580482503458432,0.9180307240110143,0,-2391460.7577990005,5387015.760499324,2429538.6151292804,1],
        [-0.6976962385709513,0.0014165174086449017,-0.7163923172133948,0,-0.6611038727892858,0.38395283554000936,0.6446098738491328,0,0.2759739626612522,0.9233516196765011,-0.2669459840001873,0,-2391522.1621406195,5387104.211092466,2429326.5301106456,1]
      ]
      // [upgrade_v3_end]
      let invisibleMarker = null
      let cameraMarkers = ms.map(function(mat, index)  {
        let marker = new altizure.CameraMarker({
          sandbox: sandbox, camToEarth: mat, showFar: false, showNear: true, color: 0xff0000
        })
        marker.interactable = true
        marker.on('mouseenter', function(event) {marker.color = 0xffffff})
        marker.on('mouseleave', function(event) {marker.color = 0xff0000})
        marker.on('click', function(event)  {
          marker.visible = false
          if (invisibleMarker) {
            invisibleMarker.visible = true
          }
          invisibleMarker = marker
          sandbox.camera.flyToCamToEarth(marker.camToEarth)
        })
        return marker
      })

      function visualizeCurrentCamera () {
        let marker = new altizure.CameraMarker({
          sandbox: sandbox, camToEarth: sandbox.camera.mat
        })
        marker.interactable = true
        marker.on('mouseenter', function(event)  {marker.color = 0xffffff})
        marker.on('mouseleave', function(event) {marker.color = 0xff0000})
        marker.on('click', function(event) {
          marker.visible = false
          if (invisibleMarker) {
            invisibleMarker.visible = true
          }
          invisibleMarker = marker
          sandbox.camera.flyToCamToEarth(marker.camToEarth)
        })
        updateCameraMarker(marker)
        cameraMarkers.push(marker)
      }
      function updateCameraMarker (marker) {
        marker.fov = sandbox.earthView.camera.fov
        marker.aspect = sandbox.earthView.camera.aspect
        marker.near = sandbox.earthView.camera.near * 500 * sandbox.Constants.scale / sandbox.Constants.EARTH_RADIUS
        marker.far = sandbox.earthView.camera.far * sandbox.Constants.scale / sandbox.Constants.EARTH_RADIUS
      }
      if (Stats) {
        sandbox.earthView._stats = new Stats()
        sandbox.earthView.threeContainer.appendChild(sandbox.earthView._stats.dom)
      }
    </script>
    <script src="../third_party/dat.gui.js"></script>
    <script>
      var Operations = function() {
        this.visualize = function() {visualizeCurrentCamera()}
      }
      var gui = new dat.GUI()
      var op = new Operations()
      gui.add(op, 'visualize').name('Add Camera')
    </script>
  </body>
</html>